SUN -2.19983 0.162709 -3.95118
CAMERA 0 0 10
SPHERE -3.40193 -0.742556 -0.693407 0.631039 0.951517 0.76793 0.347531
SPHERE 7.25257 -3.45097 -5.48058 0.319312 0.822859 0.939272 0.231939
SPHERE 7.94662 -3.1682 1.46724 0.790466 0.496948 0.132013 0.0668072
SPHERE -1.35785 -1.79276 -7.93175 0.00459224 0.788018 0.00133352 0.568484
SPHERE 4.16845 1.26125 6.78628 0.0469824 0.27921 0.788302 0.34312
SPHERE 9.11 -3.56302 5.01405 0.760392 0.169416 0.856033 0.839273
SPHERE 9.31471 -9.44906 7.89095 0.234596 0.427469 0.105732 0.448703
SPHERE 4.09867 -1.43823 9.93681 0.523395 0.593696 0.87411 0.777351
SPHERE -9.5981 6.65573 -8.03887 0.831978 0.811242 0.57359 0.730141
SPHERE -6.81162 1.45307 8.66338 0.565695 0.352352 0.399724 0.411846
SPHERE 8.98582 6.7918 -3.84885 0.0627606 0.835266 0.0170181 0.0143358
SPHERE -7.01022 -7.71984 -7.94984 0.897889 0.407596 0.869055 0.431094
SPHERE 1.40522 5.28513 9.40585 0.716145 0.0392399 0.837049 0.584008
SPHERE 9.60306 3.04653 9.24877 0.474496 0.787559 0.379095 0.613449
SPHERE -1.92768 4.02913 -0.707753 0.838212 0.140831 0.216812 0.823467
SPHERE 3.89702 -2.41213 -1.22716 0.957318 0.130479 0.830395 0.270315
SPHERE 9.20836 -5.94584 -1.62412 0.670216 0.350907 0.10447 0.351504
SPHERE -4.46322 -0.0513983 8.93784 0.662452 0.127639 0.0671969 0.413514
SPHERE -6.77931 -4.00978 -5.25021 0.634787 0.779722 0.744984 0.58784
SPHERE -3.81025 -7.15543 -8.98679 0.34425 0.0724697 0.227857 0.294759
SPHERE 0.447967 -0.552499 3.82609 0.685812 0.716352 0.475347 0.6923
SPHERE 0.144429 -1.30738 1.86328 0.279023 0.268322 0.375669 0.522928
SPHERE -6.34663 4.47894 -1.31475 0.744802 0.604798 0.396347 0.688684
SPHERE -1.81753 -1.57952 2.78747 0.59746 0.66052 0.11463 0.507093
SPHERE 0.1638 8.2357 -4.01765 0.479693 0.539135 0.482489 0.0868348
SPHERE 9.32639 -8.08037 -5.65072 0.227715 0.12045 0.995875 0.789387
SPHERE -6.85884 -3.5477 -7.41946 0.222655 0.442289 0.371356 0.424424
SPHERE -1.21154 9.38052 -5.48642 0.595062 0.911821 0.808108 0.345294
SPHERE 9.16637 1.51259 -2.69443 0.0669568 0.75562 0.238046 0.540155
SPHERE 2.80732 6.11387 6.0514 0.196104 0.838098 0.0383478 0.344776
SPHERE -6.90669 6.1278 8.81549 0.850361 0.814603 0.442621 0.118626
SPHERE 5.28555 0.0379796 8.24284 0.651087 0.71806 0.338447 0.920554
SPHERE 1.59237 8.21929 6.44164 0.652425 0.309027 0.782413 0.664772
SPHERE -2.50925 1.08899 6.08619 0.450059 0.406523 0.56279 0.0653968
SPHERE -3.41377 9.27135 5.83395 0.999409 0.532901 0.301818 0.397261
SPHERE -0.938311 3.11914 -1.56658 0.634769 0.908494 0.386621 0.211484
SPHERE 4.32054 3.18665 -9.40505 0.0663231 0.285935 0.78293 0.849044
SPHERE -2.95604 -6.64849 3.58773 0.51534 0.714649 0.0638482 0.859258
SPHERE -7.76641 -5.05518 -1.68537 0.595975 0.54764 0.34533 0.686672
SPHERE 0.778366 6.53272 1.57301 0.252716 0.246547 0.176116 0.150656
SPHERE -6.31691 6.27081 4.83971 0.6172 0.0334227 0.209493 0.936176
SPHERE 0.116826 -5.97004 -0.809753 0.0350257 0.0283515 0.397343 0.859827
SPHERE -9.81278 -8.0051 2.64597 0.26518 0.31339 0.205728 0.976827
SPHERE -2.78927 8.57915 -9.17736 0.655552 0.760197 0.977592 0.487197
SPHERE 0.605584 5.2513 -3.90785 0.466012 0.364534 0.937992 0.648539
SPHERE 9.44614 9.22207 -3.87456 0.037499 0.127086 0.283371 0.34499
SPHERE -0.619803 5.73017 0.71062 0.263267 0.209068 0.410417 0.919947
SPHERE -5.71864 0.0479857 -0.133345 0.821137 0.329882 0.0573964 0.442178
SPHERE -6.78826 -0.249803 -5.32679 0.979268 0.960619 0.758993 0.792795
SPHERE -4.65483 -6.94557 -1.03343 0.815762 0.0294591 0.791203 0.97578
SPHERE -7.74681 -0.879471 3.10089 0.670888 0.867154 0.668665 0.275139
SPHERE -4.31351 5.61977 8.22364 0.936883 0.594901 0.447205 0.543972
SPHERE -7.31757 -5.51257 9.21193 0.617678 0.980248 0.00517218 0.451672
SPHERE 5.32132 -0.271301 2.9587 0.324149 0.934108 0.214564 0.424565
SPHERE 0.205 3.17258 -8.12783 0.857486 0.455831 0.895546 0.0170801
SPHERE -4.40086 -4.95861 -0.844848 0.271575 0.994654 0.296339 0.666868
SPHERE 1.42574 0.353323 -5.20316 0.617684 0.769619 0.608731 0.353197
SPHERE -7.38205 -5.40696 -3.5897 0.00264229 0.306578 0.0974306 0.142697
SPHERE -8.6249 8.24818 7.59372 0.256478 0.224934 0.350779 0.667396
SPHERE -3.5938 0.445157 2.41947 0.715181 0.627297 0.945059 0.257748
SPHERE 9.69056 3.1627 -7.64531 0.211737 0.613084 0.535771 0.798554
SPHERE 8.45175 9.7728 -6.63495 0.968119 0.822631 0.823294 0.957771
SPHERE -3.4703 -8.30795 -1.78211 0.713438 0.264999 0.449354 0.78076
SPHERE -6.31868 -6.42792 -0.14579 0.325778 0.97178 0.0985628 0.240731
SPHERE -1.52114 -6.42463 6.68243 0.0103434 0.494607 0.571518 0.786581
SPHERE 1.11841 -7.45292 9.59444 0.152846 0.915496 0.9596 0.0382212
SPHERE -6.90308 -4.68156 -4.59271 0.501236 0.221849 0.635381 0.974841
SPHERE 1.55511 -6.31112 0.085875 0.963219 0.602757 0.100401 0.558314
SPHERE 7.15032 -8.47043 -1.70804 0.828554 0.264505 0.250218 0.766514
SPHERE 4.50962 9.04221 -0.918261 0.41947 0.478882 0.916246 0.0476973
SPHERE 2.08614 9.46063 -4.49202 0.0359826 0.0418948 0.295139 0.344342
SPHERE 5.37135 0.398623 -4.19336 0.724737 0.600833 0.849333 0.00791118
SPHERE -9.37843 -3.3684 9.31789 0.303532 0.435861 0.10416 0.356299
SPHERE -4.51706 -9.87821 -4.49149 0.909643 0.487581 0.640568 0.297536
SPHERE 3.83884 -6.35487 -6.70758 0.291116 0.979361 0.566813 0.465627
SPHERE -5.97513 -5.81335 -5.76327 0.472274 0.537064 0.308015 0.573355
SPHERE 7.12161 -6.10257 -9.40921 0.0390059 0.769118 0.726502 0.769118
SPHERE 4.6548 -5.49231 9.18645 0.857763 0.205213 0.00153503 0.110034
SPHERE 5.25876 0.65179 -2.10934 0.208859 0.690682 0.282793 0.721298
SPHERE -9.82428 1.90505 -5.11879 0.200615 0.982861 0.876666 0.442775
SPHERE 2.9888 7.9989 3.17006 0.938274 0.0657418 0.871373 0.240716
SPHERE -8.54775 -0.880761 5.63685 0.640858 0.194778 0.960399 0.274529
SPHERE -4.36511 0.71443 -4.43272 0.106487 0.310522 0.423781 0.874704
SPHERE 6.6736 1.60962 -5.54012 0.902266 0.968226 0.858007 0.594227
SPHERE -3.58154 -1.15335 -6.33478 0.615586 0.531053 0.655085 0.867094
SPHERE 2.80677 5.24354 -2.70079 0.757946 0.336573 0.788467 0.864024
SPHERE -2.20465 -7.06923 2.97882 0.243335 0.107766 0.502761 0.959615
SPHERE -6.18387 -9.77589 -4.89035 0.00770912 0.41386 0.381714 0.678147
SPHERE -3.90788 6.45648 6.67703 0.0739111 0.441375 0.648479 0.385704
SPHERE -7.76519 1.42545 -0.740155 0.898918 0.905292 0.0603495 0.555571
SPHERE 8.67678 -3.67047 2.5578 0.318816 0.845552 0.615101 0.452077
SPHERE 8.54908 1.18526 3.15171 0.264946 0.867948 0.414124 0.969307
SPHERE -4.86113 4.13701 -0.850188 0.99279 0.958087 0.114904 0.76008
SPHERE 5.06715 7.39437 9.12799 0.453432 0.437742 0.403858 0.230958
SPHERE 7.75568 -5.46059 -4.17731 0.395295 0.7045 0.486803 0.600985
SPHERE 2.41898 0.0880804 1.39695 0.527669 0.397427 0.531441 0.133273
SPHERE -6.16043 -8.7678 -0.119275 0.199002 0.593035 0.815446 0.0299848
SPHERE -9.03797 1.50584 -1.89135 0.873306 0.196243 0.0173812 0.227765
SPHERE -4.32519 -6.50496 2.47906 0.423697 0.280146 0.369912 0.703141
SPHERE 3.01019 0.0998141 4.72935 0.779503 0.618561 0.255677 0.606553
